1
5 

2

1: 5 

3
4 
1: 5 

4
4 3 
1: 5 

5
4 
1: 3 5 

6

1: 4 3 5 

7
4 5 3 

8
4 5 6 3 

9
4 5 6 3 2 

10
4 5 3 2 
2: 6 

11
5 3 2 
2: 6 

12
5 3 2 
2: 6 

13
5 3 2 1 
2: 6 

14
5 2 1 
0: 3 
2: 6 

15
5 6 2 1 
0: 3 

16
5 6 2 
0: 1 3 

17
6 2 
0: 1 3 
1: 5 

18
2 
0: 6 1 3 
1: 5 

19
6 3 2 1 
1: 5 

20
3 2 1 
1: 5 
2: 6 

21
3 1 
1: 5 
2: 2 6 

22
3 
1: 5 
2: 2 6 

23

1: 3 5 
2: 2 6 

24
6 2 
1: 3 5 

25
6 2 
1: 3 5 

26
6 
0: 2 
1: 3 5 

27

0: 2 
1: 3 5 
2: 6 

28

0: 2 
1: 3 5 
2: 6 

29

0: 2 
1: 3 5 
2: 6 

30
5 3 
0: 2 
2: 6 

31
3 
0: 2 
2: 6 

32

0: 2 
2: 6 

33
2 
2: 6 

34
6 2 

35
6 
1: 2 

36

1: 6 2 

37

1: 6 2 

38
6 2 

39
2 
1: 6 

40

0: 2 
1: 6 

41
6 
0: 2 

42

0: 2 

43
2 

44


