1
5 

2

0: 5 

3
1 
0: 5 

4
1 5 

5
1 
1: 5 

6

1: 5 
2: 1 

7
5 
2: 1 

8

0: 5 
2: 1 

9

0: 5 
2: 1 

10
9 
0: 5 
2: 1 

11
9 3 
0: 5 
2: 1 

12
9 
0: 3 5 
2: 1 

13

0: 9 3 5 
2: 1 

14
1 
0: 9 3 5 

15
1 7 
0: 9 3 5 

16
7 
0: 9 3 5 
2: 1 

17

0: 9 3 5 
2: 7 1 

18
9 5 3 
2: 7 1 

19
9 10 5 3 
2: 7 1 

20
9 10 5 
2: 7 1 

21
9 10 5 4 
2: 7 1 

22
9 5 4 
1: 10 
2: 7 1 

23
9 5 4 8 
1: 10 
2: 7 1 

24
9 10 5 4 8 
2: 7 1 

25
9 6 10 5 4 8 
2: 7 1 

26
9 6 5 4 8 
2: 10 7 1 

27
9 6 5 8 
1: 4 
2: 10 7 1 

28
9 6 1 10 5 7 8 
1: 4 

29
9 6 1 10 5 7 2 8 
1: 4 

30
9 6 1 10 5 4 7 2 8 

31
9 6 1 10 5 4 2 8 
2: 7 

32
9 6 1 10 5 4 2 
2: 7 

33
9 6 1 5 4 2 
2: 7 

34
6 1 5 4 2 
2: 9 7 

35
9 6 1 5 4 7 2 

36
9 6 1 5 4 2 
2: 7 

37
9 1 5 4 2 
2: 7 

38
9 1 4 2 
1: 5 
2: 7 

39
1 4 2 
1: 5 
2: 7 

40
4 2 
1: 5 
2: 1 7 

41
2 
1: 5 
2: 1 7 

42

1: 5 
2: 1 7 

43
1 7 
1: 5 

44
1 
1: 5 
2: 7 

45

1: 5 
2: 7 

46
7 
1: 5 

47

0: 7 
1: 5 

48
7 
1: 5 

49

1: 5 
3: 7 

50

1: 5 
3: 7 

51

1: 5 
3: 7 

52

1: 5 
3: 7 

53
7 
1: 5 

54

1: 7 5 

55
5 7 

56
5 

57

1: 5 

58

1: 5 

59
5 

60


