1
4 

2
4 2 

3
4 2 10 

4
4 12 2 10 

5
4 12 2 10 14 

6
4 12 2 10 3 14 

7
4 12 2 10 3 14 1 

8
6 4 12 2 10 3 14 1 

9
6 4 12 8 2 10 3 14 1 

10
6 4 12 8 2 10 3 14 5 1 

11
6 4 12 8 2 10 3 14 5 1 7 

12
6 4 12 8 15 2 10 3 14 5 1 7 

13
6 4 12 8 15 9 2 10 3 14 5 1 7 

14
11 6 4 12 8 15 9 2 10 3 14 5 1 7 

15
11 13 6 4 12 8 15 9 2 10 3 14 5 1 7 

16
11 13 6 4 12 8 15 9 2 3 14 5 1 7 
1: 10 

17
11 13 6 4 12 8 15 9 2 10 3 14 5 1 7 

18
11 6 4 12 8 15 9 2 10 3 14 5 1 7 
1: 13 

19
11 6 4 12 8 15 9 2 10 3 14 5 7 
1: 13 
3: 1 

20
11 6 4 12 8 15 9 2 10 3 14 5 
1: 13 
3: 7 1 

21
11 6 4 12 8 15 9 10 3 14 5 
1: 13 
2: 2 
3: 7 1 

22
11 6 4 12 15 9 10 3 14 5 
1: 13 
2: 2 
3: 7 1 

23
11 6 4 12 15 9 10 3 14 5 
1: 13 
2: 2 
3: 7 1 

24
6 4 12 15 9 10 3 14 5 
1: 13 
2: 11 2 
3: 7 1 

25
11 6 4 12 15 9 2 10 3 14 5 
1: 13 
3: 7 1 

26
11 6 4 12 15 2 10 3 14 5 
1: 9 13 
3: 7 1 

27
11 6 4 12 15 2 10 14 5 
1: 9 13 
3: 3 7 1 

28
11 6 12 15 2 10 14 5 
1: 9 13 
2: 4 
3: 3 7 1 

29
11 6 12 15 2 10 5 
1: 9 13 
2: 4 
3: 3 7 1 

30
11 13 6 12 15 9 2 10 5 
2: 4 
3: 3 7 1 

31
11 13 6 12 15 9 2 10 3 5 1 7 
2: 4 

32
11 13 6 12 15 9 10 3 5 1 7 
2: 4 
3: 2 

33
11 13 6 15 9 10 3 5 1 7 
2: 4 
3: 2 

34
11 13 6 15 9 3 5 1 7 
2: 4 
3: 10 2 

35
11 13 6 15 3 5 1 7 
1: 9 
2: 4 
3: 10 2 

36
11 13 6 15 5 1 7 
0: 3 
1: 9 
2: 4 
3: 10 2 

37
13 6 15 5 1 7 
0: 3 
1: 11 9 
2: 4 
3: 10 2 

38
13 6 15 1 7 
0: 3 
1: 11 9 
2: 4 
3: 10 2 

39
6 15 1 7 
0: 3 
1: 11 9 
2: 4 
3: 13 10 2 

40
13 6 15 2 10 1 7 
0: 3 
1: 11 9 
2: 4 

41
13 6 15 2 10 1 
0: 3 
1: 11 9 
2: 7 4 

42
13 6 2 10 1 
0: 3 
1: 11 9 
2: 7 4 
3: 15 

43
13 6 10 1 
0: 3 
1: 11 9 
2: 7 4 
3: 15 

44
13 6 15 10 1 
0: 3 
1: 11 9 
2: 7 4 

45
13 6 15 1 
0: 3 
1: 11 9 
2: 7 4 
3: 10 

46
11 13 6 15 9 1 
0: 3 
2: 7 4 
3: 10 

47
11 6 15 9 1 
0: 13 3 
2: 7 4 
3: 10 

48
11 15 9 1 
0: 13 3 
1: 6 
2: 7 4 
3: 10 

49
11 15 1 
0: 13 3 
1: 6 
2: 7 4 
3: 10 

50
11 15 
0: 13 3 
1: 1 6 
2: 7 4 
3: 10 

51
11 15 
0: 13 3 
1: 1 6 
2: 7 4 
3: 10 

52
15 
0: 11 13 3 
1: 1 6 
2: 7 4 
3: 10 

53

0: 11 13 3 
1: 15 1 6 
2: 7 4 
3: 10 

54

0: 11 13 3 
1: 15 1 6 
2: 7 4 
3: 10 

55
11 13 3 
1: 15 1 6 
2: 7 4 
3: 10 

56
13 3 
1: 11 15 1 6 
2: 7 4 
3: 10 

57
13 4 3 7 
1: 11 15 1 6 
3: 10 

58
13 4 3 7 
1: 11 15 1 6 
3: 10 

59
13 4 7 
1: 11 15 1 6 
3: 3 10 

60
13 4 
1: 7 11 15 1 6 
3: 3 10 

61
13 
0: 4 
1: 7 11 15 1 6 
3: 3 10 

62

0: 13 4 
1: 7 11 15 1 6 
3: 3 10 

63
11 6 15 1 7 
0: 13 4 
3: 3 10 

64
11 6 1 7 
0: 13 4 
3: 15 3 10 

65
11 13 6 4 1 7 
3: 15 3 10 

66
11 13 4 1 7 
1: 6 
3: 15 3 10 

67
11 13 6 4 1 7 
3: 15 3 10 

68
11 13 6 4 7 
0: 1 
3: 15 3 10 

69
11 13 6 4 1 7 
3: 15 3 10 

70
11 6 4 1 7 
2: 13 
3: 15 3 10 

71
11 6 4 7 
2: 13 
3: 15 3 10 

72
6 4 7 
2: 13 
3: 11 15 3 10 

73
11 6 4 15 10 3 7 
2: 13 

74
11 6 4 15 10 3 
2: 7 13 

75
11 6 4 15 10 3 
2: 7 13 

76
11 6 4 15 3 
2: 7 13 

77
6 4 15 3 
2: 7 13 

78
4 15 3 
2: 7 13 
3: 6 

79
4 3 
0: 15 
2: 7 13 
3: 6 

80
4 
0: 15 
1: 3 
2: 7 13 
3: 6 

81

0: 15 
1: 3 
2: 7 13 
3: 4 6 

82
15 
1: 3 
2: 7 13 
3: 4 6 

83

1: 15 3 
2: 7 13 
3: 4 6 

84

1: 15 3 
2: 7 13 
3: 4 6 

85

1: 15 3 
2: 7 13 
3: 4 6 

86
6 4 
1: 15 3 
2: 7 13 

87
6 
1: 15 3 
2: 7 13 

88

1: 15 3 
2: 7 13 
3: 6 

89
6 
1: 15 3 
2: 7 13 

90

0: 6 
1: 15 3 
2: 7 13 

91

0: 6 
1: 15 3 
2: 7 13 

92

0: 6 
1: 15 3 
2: 7 13 

93
6 
1: 15 3 
2: 7 13 

94

1: 6 15 3 
2: 7 13 

95
13 7 
1: 6 15 3 

96
13 7 
1: 6 15 3 

97
7 
1: 6 15 3 

98
6 15 3 7 

99
6 15 7 
3: 3 

100
15 7 
2: 6 
3: 3 

101
15 
2: 6 
3: 3 

102

1: 15 
2: 6 
3: 3 

103
6 
1: 15 
3: 3 

104

0: 6 
1: 15 
3: 3 

105
3 
0: 6 
1: 15 

106
15 3 
0: 6 

107
3 
0: 15 6 

108

0: 15 6 
2: 3 

109

0: 15 6 
2: 3 

110

0: 15 6 
2: 3 

111

0: 15 6 
2: 3 

112
6 15 
2: 3 

113
6 
2: 15 3 

114

2: 15 3 
3: 6 

115

2: 15 3 
3: 6 

116
6 
2: 15 3 

117

2: 6 15 3 

118

2: 6 15 3 

119

2: 6 15 3 

120
6 15 3 

121
15 3 

122
3 
0: 15 

123

0: 15 
1: 3 

124
3 
0: 15 

125

0: 15 
1: 3 

126
3 
0: 15 

127

0: 15 

128

0: 15 

129
15 

130

3: 15 

131
15 

132


