1
6 

2
6 8 

3
18 6 8 

4
18 10 6 8 

5
4 18 10 6 8 

6
4 18 10 17 6 8 

7
4 18 10 17 20 6 8 

8
4 1 18 10 17 20 6 8 

9
4 1 18 10 19 17 20 6 8 

10
4 1 18 10 19 17 20 6 8 14 

11
4 1 18 10 19 17 20 3 6 8 14 

12
4 1 18 10 19 17 20 3 6 16 8 14 

13
4 1 12 18 10 19 17 20 3 6 16 8 14 

14
4 1 5 12 18 10 19 17 20 3 6 16 8 14 

15
4 1 5 12 18 10 19 17 20 3 6 16 8 9 14 

16
4 1 5 12 18 10 19 17 20 3 6 16 2 8 9 14 

17
4 1 5 12 18 10 19 17 20 3 6 16 2 8 9 14 13 

18
4 1 5 12 15 18 10 19 17 20 3 6 16 2 8 9 14 13 

19
4 1 5 12 15 7 18 10 19 17 20 3 6 16 2 8 9 14 13 

20
4 1 5 11 12 15 7 18 10 19 17 20 3 6 16 2 8 9 14 13 

21
4 1 5 11 12 15 7 18 10 19 17 20 3 6 16 2 8 9 13 
6: 14 

22
4 1 5 11 12 15 7 18 10 19 17 20 3 6 16 2 8 13 
4: 9 
6: 14 

23
4 1 5 11 12 7 18 10 19 17 20 3 6 16 2 8 13 
2: 15 
4: 9 
6: 14 

24
4 1 5 11 12 7 18 10 19 17 20 3 16 2 8 13 
2: 15 
4: 6 9 
6: 14 

25
4 1 5 11 12 7 18 10 19 17 20 3 16 8 13 
2: 15 
4: 6 9 
6: 14 
7: 2 

26
4 1 5 11 12 7 18 10 17 20 3 16 8 13 
2: 15 
4: 6 9 
6: 14 
7: 19 2 

27
4 1 5 11 12 7 18 10 17 3 16 8 13 
0: 20 
2: 15 
4: 6 9 
6: 14 
7: 19 2 

28
1 5 11 12 7 18 10 17 3 16 8 13 
0: 20 
2: 15 
3: 4 
4: 6 9 
6: 14 
7: 19 2 

29
1 5 11 12 18 10 17 3 16 8 13 
0: 20 
2: 15 
3: 4 
4: 6 9 
6: 7 14 
7: 19 2 

30
1 5 11 12 10 17 3 16 8 13 
0: 20 
2: 15 
3: 4 
4: 6 9 
6: 7 14 
7: 19 2 

31
1 5 11 12 10 19 17 3 16 2 8 13 
0: 20 
2: 15 
3: 4 
4: 6 9 
6: 7 14 

32
5 11 12 10 19 17 3 16 2 8 13 
0: 20 
2: 15 
3: 4 
4: 6 9 
6: 7 14 
7: 1 

33
5 11 10 19 17 3 16 2 8 13 
0: 20 
1: 12 
2: 15 
3: 4 
4: 6 9 
6: 7 14 
7: 1 

34
5 11 7 10 19 17 3 16 2 8 14 13 
0: 20 
1: 12 
2: 15 
3: 4 
4: 6 9 
7: 1 

35
5 11 7 19 17 3 16 2 8 14 13 
0: 20 
1: 10 12 
2: 15 
3: 4 
4: 6 9 
7: 1 

36
5 11 7 19 17 16 2 8 14 13 
0: 20 
1: 10 12 
2: 15 
3: 4 
4: 6 9 
7: 3 1 

37
5 11 7 19 17 16 2 8 14 13 
0: 20 
1: 10 12 
2: 15 
3: 4 
4: 6 9 
7: 3 1 

38
5 11 7 19 17 16 8 14 13 
0: 2 20 
1: 10 12 
2: 15 
3: 4 
4: 6 9 
7: 3 1 

39
5 11 19 17 16 8 14 13 
0: 2 20 
1: 10 12 
2: 15 
3: 4 
4: 6 9 
6: 7 
7: 3 1 

40
5 11 19 17 16 8 14 
0: 2 20 
1: 10 12 
2: 15 
3: 13 4 
4: 6 9 
6: 7 
7: 3 1 

41
11 19 17 16 8 14 
0: 2 20 
1: 10 12 
2: 15 
3: 13 4 
4: 5 6 9 
6: 7 
7: 3 1 

42
11 17 16 8 14 
0: 2 20 
1: 10 12 
2: 15 
3: 13 4 
4: 5 6 9 
6: 19 7 
7: 3 1 

43
11 17 8 14 
0: 2 20 
1: 10 12 
2: 16 15 
3: 13 4 
4: 5 6 9 
6: 19 7 
7: 3 1 

44
11 17 8 
0: 2 20 
1: 10 12 
2: 16 15 
3: 13 4 
4: 5 6 9 
6: 14 19 7 
7: 3 1 

45
11 17 8 
0: 2 20 
1: 10 12 
2: 16 15 
3: 13 4 
4: 5 6 9 
6: 14 19 7 
7: 3 1 

46
11 17 8 
0: 2 20 
1: 10 12 
2: 16 15 
3: 13 4 
4: 5 6 9 
6: 14 19 7 
7: 3 1 

47
11 8 
0: 2 20 
1: 10 12 
2: 16 15 
3: 13 4 
4: 17 5 6 9 
6: 14 19 7 
7: 3 1 

48
11 
0: 8 2 20 
1: 10 12 
2: 16 15 
3: 13 4 
4: 17 5 6 9 
6: 14 19 7 
7: 3 1 

49
11 20 2 8 
1: 10 12 
2: 16 15 
3: 13 4 
4: 17 5 6 9 
6: 14 19 7 
7: 3 1 

50
11 20 2 
1: 10 12 
2: 16 15 
3: 13 4 
4: 8 17 5 6 9 
6: 14 19 7 
7: 3 1 

51
1 11 20 3 2 
1: 10 12 
2: 16 15 
3: 13 4 
4: 8 17 5 6 9 
6: 14 19 7 

52
1 11 15 20 3 16 2 
1: 10 12 
3: 13 4 
4: 8 17 5 6 9 
6: 14 19 7 

53
1 11 15 20 3 16 2 
1: 10 12 
3: 13 4 
4: 8 17 5 6 9 
6: 14 19 7 

54
1 11 15 3 16 2 
1: 10 12 
2: 20 
3: 13 4 
4: 8 17 5 6 9 
6: 14 19 7 

55
1 11 3 16 2 
1: 10 12 
2: 20 
3: 13 4 
4: 8 17 5 6 9 
6: 14 19 7 

56
11 3 16 2 
0: 1 
1: 10 12 
2: 20 
3: 13 4 
4: 8 17 5 6 9 
6: 14 19 7 

57
11 3 16 
0: 1 
1: 10 12 
2: 20 
3: 2 13 4 
4: 8 17 5 6 9 
6: 14 19 7 

58
11 16 
0: 1 
1: 10 12 
2: 20 
3: 2 13 4 
4: 8 17 5 6 9 
6: 14 19 7 

59
16 
0: 1 
1: 11 10 12 
2: 20 
3: 2 13 4 
4: 8 17 5 6 9 
6: 14 19 7 

60

0: 1 
1: 11 10 12 
2: 20 
3: 16 2 13 4 
4: 8 17 5 6 9 
6: 14 19 7 

61
1 
1: 11 10 12 
2: 20 
3: 16 2 13 4 
4: 8 17 5 6 9 
6: 14 19 7 

62
1 11 12 10 
2: 20 
3: 16 2 13 4 
4: 8 17 5 6 9 
6: 14 19 7 

63
1 5 11 12 10 17 6 8 9 
2: 20 
3: 16 2 13 4 
6: 14 19 7 

64
1 5 11 12 10 17 8 9 
2: 20 
3: 6 16 2 13 4 
6: 14 19 7 

65
1 11 12 10 17 8 9 
2: 20 
3: 6 16 2 13 4 
4: 5 
6: 14 19 7 

66
1 11 10 17 8 9 
2: 20 
3: 6 16 2 13 4 
4: 12 5 
6: 14 19 7 

67
1 11 7 10 19 17 8 9 14 
2: 20 
3: 6 16 2 13 4 
4: 12 5 

68
1 11 10 19 17 8 9 14 
2: 7 20 
3: 6 16 2 13 4 
4: 12 5 

69
11 10 19 17 8 9 14 
2: 7 20 
3: 6 16 2 13 4 
4: 12 5 
5: 1 

70
11 10 19 17 8 9 14 
2: 7 20 
3: 6 16 2 13 4 
4: 12 5 
5: 1 

71
11 10 19 17 8 9 14 
2: 7 20 
3: 6 16 2 13 4 
4: 12 5 
5: 1 

72
11 10 19 17 8 14 
2: 7 20 
3: 6 16 2 13 4 
4: 12 5 
5: 9 1 

73
11 10 19 17 8 
2: 7 20 
3: 6 16 2 13 4 
4: 12 5 
5: 9 1 

74
1 11 10 19 17 8 9 
2: 7 20 
3: 6 16 2 13 4 
4: 12 5 

75
1 11 10 19 8 9 
2: 7 20 
3: 6 16 2 13 4 
4: 12 5 

76
1 5 11 12 10 19 8 9 
2: 7 20 
3: 6 16 2 13 4 

77
1 5 11 12 19 8 9 
2: 7 20 
3: 6 16 2 13 4 
6: 10 

78
1 5 11 12 8 9 
2: 19 7 20 
3: 6 16 2 13 4 
6: 10 

79
5 11 12 8 9 
2: 1 19 7 20 
3: 6 16 2 13 4 
6: 10 

80
5 11 12 8 
2: 9 1 19 7 20 
3: 6 16 2 13 4 
6: 10 

81
5 12 8 
2: 11 9 1 19 7 20 
3: 6 16 2 13 4 
6: 10 

82
5 12 
2: 11 9 1 19 7 20 
3: 6 16 2 13 4 
6: 10 
7: 8 

83
1 5 11 12 7 19 20 9 
3: 6 16 2 13 4 
6: 10 
7: 8 

84
1 5 11 12 7 19 20 9 
3: 6 16 2 13 4 
6: 10 
7: 8 

85
1 5 11 7 19 20 9 
3: 6 16 2 13 4 
6: 10 
7: 8 

86
1 5 11 7 20 9 
3: 6 16 2 13 4 
6: 10 
7: 8 

87
1 11 7 20 9 
3: 6 16 2 13 4 
6: 10 
7: 8 

88
4 1 11 7 20 6 16 2 9 13 
6: 10 
7: 8 

89
4 1 11 7 10 20 6 16 2 9 13 
7: 8 

90
4 1 11 7 10 20 6 16 9 13 
7: 8 

91
4 1 11 7 10 20 6 16 9 13 
7: 8 

92
4 11 7 10 20 6 16 9 13 
3: 1 
7: 8 

93
4 7 10 20 6 16 9 13 
3: 1 
6: 11 
7: 8 

94
4 7 10 6 16 9 13 
3: 1 
6: 11 
7: 20 8 

95
4 7 10 6 9 13 
3: 1 
4: 16 
6: 11 
7: 20 8 

96
4 7 10 6 9 
3: 1 
4: 16 
5: 13 
6: 11 
7: 20 8 

97
7 10 6 9 
3: 1 
4: 16 
5: 13 
6: 11 
7: 4 20 8 

98
10 6 9 
3: 1 
4: 7 16 
5: 13 
6: 11 
7: 4 20 8 

99
10 6 
3: 1 
4: 9 7 16 
5: 13 
6: 11 
7: 4 20 8 

100
6 
1: 10 
3: 1 
4: 9 7 16 
5: 13 
6: 11 
7: 4 20 8 

101

1: 10 
2: 6 
3: 1 
4: 9 7 16 
5: 13 
6: 11 
7: 4 20 8 

102
11 
1: 10 
2: 6 
3: 1 
4: 9 7 16 
5: 13 
7: 4 20 8 

103
1 11 
1: 10 
2: 6 
4: 9 7 16 
5: 13 
7: 4 20 8 

104
1 11 
1: 10 
2: 6 
4: 9 7 16 
5: 13 
7: 4 20 8 

105
1 11 
1: 10 
2: 6 
4: 9 7 16 
5: 13 
7: 4 20 8 

106
1 
1: 10 
2: 11 6 
4: 9 7 16 
5: 13 
7: 4 20 8 

107
1 11 6 
1: 10 
4: 9 7 16 
5: 13 
7: 4 20 8 

108
11 6 
1: 10 
4: 9 7 16 
5: 1 13 
7: 4 20 8 

109
1 11 6 13 
1: 10 
4: 9 7 16 
7: 4 20 8 

110
11 6 13 
1: 10 
4: 9 7 16 
5: 1 
7: 4 20 8 

111
11 13 
1: 10 
4: 9 7 16 
5: 1 
7: 6 4 20 8 

112
11 
1: 10 
4: 9 7 16 
5: 13 1 
7: 6 4 20 8 

113

0: 11 
1: 10 
4: 9 7 16 
5: 13 1 
7: 6 4 20 8 

114
4 20 6 8 
0: 11 
1: 10 
4: 9 7 16 
5: 13 1 

115
4 20 8 
0: 11 
1: 10 
4: 9 7 16 
5: 13 1 
7: 6 

116
4 20 8 
0: 11 
1: 10 
4: 9 7 16 
5: 13 1 
7: 6 

117
4 7 20 16 8 9 
0: 11 
1: 10 
5: 13 1 
7: 6 

118
4 7 20 8 9 
0: 11 
1: 10 
5: 13 1 
6: 16 
7: 6 

119
4 20 8 9 
0: 11 
1: 10 
5: 13 1 
6: 16 
7: 6 

120
4 20 9 
0: 11 
1: 10 
4: 8 
5: 13 1 
6: 16 
7: 6 

121
20 9 
0: 11 
1: 10 
2: 4 
4: 8 
5: 13 1 
6: 16 
7: 6 

122
9 
0: 11 
1: 10 
2: 4 
3: 20 
4: 8 
5: 13 1 
6: 16 
7: 6 

123

0: 11 
1: 10 
2: 4 
3: 20 
4: 8 
5: 9 13 1 
6: 16 
7: 6 

124
10 
0: 11 
2: 4 
3: 20 
4: 8 
5: 9 13 1 
6: 16 
7: 6 

125
1 10 9 13 
0: 11 
2: 4 
3: 20 
4: 8 
6: 16 
7: 6 

126
1 10 20 9 13 
0: 11 
2: 4 
4: 8 
6: 16 
7: 6 

127
1 20 9 13 
0: 11 
2: 4 
3: 10 
4: 8 
6: 16 
7: 6 

128
20 9 13 
0: 11 
1: 1 
2: 4 
3: 10 
4: 8 
6: 16 
7: 6 

129
9 13 
0: 11 
1: 1 
2: 4 
3: 10 
4: 8 
5: 20 
6: 16 
7: 6 

130
13 
0: 11 
1: 1 
2: 4 
3: 10 
4: 8 
5: 20 
6: 16 
7: 6 

131

0: 11 
1: 1 
2: 4 
3: 10 
4: 8 
5: 13 20 
6: 16 
7: 6 

132

0: 11 
1: 1 
2: 4 
3: 10 
4: 8 
5: 13 20 
6: 16 
7: 6 

133
1 
0: 11 
2: 4 
3: 10 
4: 8 
5: 13 20 
6: 16 
7: 6 

134

0: 11 
1: 1 
2: 4 
3: 10 
4: 8 
5: 13 20 
6: 16 
7: 6 

135

0: 11 
1: 1 
2: 4 
3: 10 
4: 8 
5: 13 20 
6: 16 
7: 6 

136
1 
0: 11 
2: 4 
3: 10 
4: 8 
5: 13 20 
6: 16 
7: 6 

137

0: 11 
2: 4 
3: 10 
4: 8 
5: 13 20 
6: 1 16 
7: 6 

138
1 16 
0: 11 
2: 4 
3: 10 
4: 8 
5: 13 20 
7: 6 

139
1 
0: 16 11 
2: 4 
3: 10 
4: 8 
5: 13 20 
7: 6 

140

0: 16 11 
2: 4 
3: 10 
4: 8 
5: 13 20 
7: 1 6 

141

0: 16 11 
2: 4 
3: 10 
4: 8 
5: 13 20 
7: 1 6 

142

0: 16 11 
2: 4 
3: 10 
4: 8 
5: 13 20 
7: 1 6 

143
8 
0: 16 11 
2: 4 
3: 10 
5: 13 20 
7: 1 6 

144

0: 16 11 
2: 8 4 
3: 10 
5: 13 20 
7: 1 6 

145
1 6 
0: 16 11 
2: 8 4 
3: 10 
5: 13 20 

146
6 
0: 16 11 
2: 8 4 
3: 10 
5: 1 13 20 

147

0: 16 11 
2: 8 4 
3: 6 10 
5: 1 13 20 

148

0: 16 11 
2: 8 4 
3: 6 10 
5: 1 13 20 

149
1 20 13 
0: 16 11 
2: 8 4 
3: 6 10 

150
1 20 
0: 16 11 
2: 8 4 
3: 6 10 
4: 13 

151
4 1 20 8 
0: 16 11 
3: 6 10 
4: 13 

152
4 20 8 
0: 16 11 
3: 6 10 
4: 13 

153
20 8 
0: 16 11 
3: 6 10 
4: 13 
7: 4 

154
20 
0: 8 16 11 
3: 6 10 
4: 13 
7: 4 

155
10 20 6 
0: 8 16 11 
4: 13 
7: 4 

156
20 6 
0: 8 16 11 
3: 10 
4: 13 
7: 4 

157
6 
0: 20 8 16 11 
3: 10 
4: 13 
7: 4 

158
11 20 6 16 8 
3: 10 
4: 13 
7: 4 

159
11 20 6 16 
3: 10 
4: 13 
7: 4 

160
11 20 6 
0: 16 
3: 10 
4: 13 
7: 4 

161
20 6 
0: 16 
3: 10 
4: 11 13 
7: 4 

162
20 
0: 16 
3: 10 
4: 11 13 
5: 6 
7: 4 

163

0: 16 
1: 20 
3: 10 
4: 11 13 
5: 6 
7: 4 

164

0: 16 
1: 20 
3: 10 
4: 11 13 
5: 6 
7: 4 

165
6 
0: 16 
1: 20 
3: 10 
4: 11 13 
7: 4 

166

0: 16 
1: 20 
3: 10 
4: 6 11 13 
7: 4 

167
10 
0: 16 
1: 20 
4: 6 11 13 
7: 4 

168

0: 16 
1: 20 
4: 6 11 13 
7: 10 4 

169

0: 16 
1: 20 
4: 6 11 13 
7: 10 4 

170

0: 16 
1: 20 
4: 6 11 13 
7: 10 4 

171
20 
0: 16 
4: 6 11 13 
7: 10 4 

172
20 
0: 16 
4: 6 11 13 
7: 10 4 

173

0: 20 16 
4: 6 11 13 
7: 10 4 

174
4 10 
0: 20 16 
4: 6 11 13 

175
4 
0: 20 16 
2: 10 
4: 6 11 13 

176
4 
0: 20 16 
2: 10 
4: 6 11 13 

177

0: 4 20 16 
2: 10 
4: 6 11 13 

178
10 
0: 4 20 16 
4: 6 11 13 

179

0: 10 4 20 16 
4: 6 11 13 

180

0: 10 4 20 16 
4: 6 11 13 

181
4 10 20 16 
4: 6 11 13 

182
4 20 16 
2: 10 
4: 6 11 13 

183
4 16 
2: 10 
4: 6 11 13 
6: 20 

184
16 
2: 10 
4: 6 11 13 
6: 20 
7: 4 

185
4 16 
2: 10 
4: 6 11 13 
6: 20 

186
16 
2: 10 
4: 6 11 13 
5: 4 
6: 20 

187
11 6 16 13 
2: 10 
5: 4 
6: 20 

188
6 16 13 
2: 10 
5: 4 
6: 20 

189
6 13 
2: 10 
5: 4 
6: 16 20 

190
13 
2: 6 10 
5: 4 
6: 16 20 

191

1: 13 
2: 6 10 
5: 4 
6: 16 20 

192

1: 13 
2: 6 10 
5: 4 
6: 16 20 

193
4 
1: 13 
2: 6 10 
6: 16 20 

194

0: 4 
1: 13 
2: 6 10 
6: 16 20 

195

0: 4 
1: 13 
2: 6 10 
6: 16 20 

196
4 
1: 13 
2: 6 10 
6: 16 20 

197

1: 13 
2: 4 6 10 
6: 16 20 

198

1: 13 
2: 4 6 10 
6: 16 20 

199
20 16 
1: 13 
2: 4 6 10 

200
4 10 20 6 16 
1: 13 

201
4 20 6 16 
1: 13 

202
4 20 16 
1: 13 
4: 6 

203
20 16 
0: 4 
1: 13 
4: 6 

204
20 6 16 
0: 4 
1: 13 

205
20 6 16 13 
0: 4 

206
20 6 16 
0: 4 
4: 13 

207
6 16 
0: 4 
2: 20 
4: 13 

208
6 
0: 4 
2: 16 20 
4: 13 

209

0: 6 4 
2: 16 20 
4: 13 

210
4 6 
2: 16 20 
4: 13 

211
4 
2: 16 20 
4: 13 
7: 6 

212

2: 16 20 
4: 13 
7: 4 6 

213
4 6 
2: 16 20 
4: 13 

214
4 6 13 
2: 16 20 

215
4 13 
0: 6 
2: 16 20 

216
4 
0: 13 6 
2: 16 20 

217
4 20 16 
0: 13 6 

218
20 16 
0: 13 6 
5: 4 

219
20 
0: 13 6 
3: 16 
5: 4 

220

0: 13 6 
3: 16 
5: 4 
7: 20 

221
20 
0: 13 6 
3: 16 
5: 4 

222

0: 13 6 
3: 16 
5: 4 
6: 20 

223
20 
0: 13 6 
3: 16 
5: 4 

224

0: 20 13 6 
3: 16 
5: 4 

225
4 
0: 20 13 6 
3: 16 

226

0: 4 20 13 6 
3: 16 

227

0: 4 20 13 6 
3: 16 

228
16 
0: 4 20 13 6 

229
16 
0: 4 20 13 6 

230

0: 4 20 13 6 

231
4 20 6 13 

232
4 20 6 
1: 13 

233
4 6 
0: 20 
1: 13 

234
4 
0: 20 
1: 13 
7: 6 

235

0: 20 
1: 13 
7: 6 

236
13 
0: 20 
7: 6 

237

0: 20 
6: 13 
7: 6 

238
6 
0: 20 
6: 13 

239

0: 20 
1: 6 
6: 13 

240
20 
1: 6 
6: 13 

241

1: 6 
3: 20 
6: 13 

242

1: 6 
3: 20 
6: 13 

243
20 
1: 6 
6: 13 

244

1: 6 
5: 20 
6: 13 

245

1: 6 
5: 20 
6: 13 

246
6 
5: 20 
6: 13 

247

5: 6 20 
6: 13 

248

5: 6 20 
6: 13 

249
13 
5: 6 20 

250

5: 6 20 
7: 13 

251
20 6 
7: 13 

252
20 
5: 6 
7: 13 

253

1: 20 
5: 6 
7: 13 

254
20 
5: 6 
7: 13 

255

2: 20 
5: 6 
7: 13 

256
20 
5: 6 
7: 13 

257

5: 6 
7: 20 13 

258

5: 6 
7: 20 13 

259

5: 6 
7: 20 13 

260

5: 6 
7: 20 13 

261

5: 6 
7: 20 13 

262
6 
7: 20 13 

263

2: 6 
7: 20 13 

264
6 
7: 20 13 

265

4: 6 
7: 20 13 

266
6 
7: 20 13 

267

7: 6 20 13 

268

7: 6 20 13 

269

7: 6 20 13 

270

7: 6 20 13 

271

7: 6 20 13 

272
20 6 13 

273
6 13 
3: 20 

274
6 
3: 20 
7: 13 

275

3: 20 
7: 6 13 

276
20 
7: 6 13 

277

6: 20 
7: 6 13 

278

6: 20 
7: 6 13 

279

6: 20 
7: 6 13 

280
6 13 
6: 20 

281
13 
5: 6 
6: 20 

282

1: 13 
5: 6 
6: 20 

283
20 
1: 13 
5: 6 

284

1: 13 
5: 6 
7: 20 

285
20 
1: 13 
5: 6 

286

1: 13 
2: 20 
5: 6 

287
13 
2: 20 
5: 6 

288

0: 13 
2: 20 
5: 6 

289
20 
0: 13 
5: 6 

290

0: 13 
1: 20 
5: 6 

291

0: 13 
1: 20 
5: 6 

292
6 
0: 13 
1: 20 

293

0: 13 
1: 20 
3: 6 

294
20 
0: 13 
3: 6 

295

0: 13 
3: 6 
5: 20 

296
13 
3: 6 
5: 20 

297

3: 6 
5: 13 20 

298
6 
5: 13 20 

299

4: 6 
5: 13 20 

300
20 13 
4: 6 

301
13 
4: 6 
5: 20 

302

3: 13 
4: 6 
5: 20 

303
6 
3: 13 
5: 20 

304
20 6 
3: 13 

305
20 
2: 6 
3: 13 

306

0: 20 
2: 6 
3: 13 

307
6 
0: 20 
3: 13 

308
6 13 
0: 20 

309
13 
0: 20 
3: 6 

310
13 
0: 20 
3: 6 

311

0: 20 
3: 6 
5: 13 

312
6 
0: 20 
5: 13 

313
6 13 
0: 20 

314
13 
0: 20 
6: 6 

315
6 13 
0: 20 

316
6 
0: 20 

317

0: 20 
7: 6 

318
6 
0: 20 

319

0: 20 
7: 6 

320

0: 20 
7: 6 

321

0: 20 
7: 6 

322
20 
7: 6 

323

7: 6 

324
6 

325


