1
4 

2
4 11 

3
14 4 11 

4
14 4 11 1 

5
14 4 19 11 1 

6
14 4 19 11 15 1 

7
17 14 4 19 11 15 1 

8
17 14 4 19 9 11 15 1 

9
17 14 4 19 9 11 15 22 1 

10
17 14 30 4 19 9 11 15 22 1 

11
17 14 30 4 19 9 11 8 15 22 1 

12
17 27 14 30 4 19 9 11 8 15 22 1 

13
17 27 14 30 16 4 19 9 11 8 15 22 1 

14
17 27 14 30 16 4 19 9 11 8 15 22 6 1 

15
17 27 14 30 16 4 19 9 11 8 15 22 6 1 10 

16
17 27 14 30 7 16 4 19 9 11 8 15 22 6 1 10 

17
17 27 14 30 7 16 28 4 19 9 11 8 15 22 6 1 10 

18
17 27 14 30 7 16 28 2 4 19 9 11 8 15 22 6 1 10 

19
17 27 14 30 7 16 28 2 4 19 9 11 8 15 22 6 29 1 10 

20
17 27 14 30 7 16 28 2 4 19 9 11 8 15 22 6 29 18 1 10 

21
17 27 14 30 7 16 28 2 4 19 9 13 11 8 15 22 6 29 18 1 10 

22
17 27 23 14 30 7 16 28 2 4 19 9 13 11 8 15 22 6 29 18 1 10 

23
17 27 23 14 7 16 28 2 4 19 9 13 11 8 15 22 6 29 18 1 10 
2: 30 

24
17 27 23 14 30 7 16 28 2 4 19 9 13 11 8 15 22 6 29 18 1 10 

25
17 27 23 30 7 16 28 2 4 19 9 13 11 8 15 22 6 29 18 1 10 
7: 14 

26
17 27 23 30 7 16 28 2 4 9 13 11 8 15 22 6 29 18 1 10 
6: 19 
7: 14 

27
17 27 23 30 7 16 28 2 4 9 13 11 8 15 22 29 18 1 10 
3: 6 
6: 19 
7: 14 

28
17 27 23 14 30 7 16 28 2 4 9 13 11 8 15 22 29 18 1 10 
3: 6 
6: 19 

29
17 27 23 14 30 7 16 28 2 4 9 13 11 8 15 22 6 29 18 1 10 
6: 19 

30
17 27 23 14 30 7 16 28 2 9 13 11 8 15 22 6 29 18 1 10 
6: 4 19 

31
17 27 23 14 30 7 16 28 2 26 9 13 11 8 15 22 6 29 18 1 10 
6: 4 19 

32
17 27 23 14 30 7 16 28 2 9 13 11 8 15 22 6 29 18 1 10 
1: 26 
6: 4 19 

33
17 27 23 14 30 7 16 28 2 26 9 13 11 8 15 22 6 29 18 1 10 
6: 4 19 

34
17 27 23 14 30 7 16 28 2 26 9 13 11 8 15 22 6 29 18 24 1 10 
6: 4 19 

35
17 27 14 30 7 16 28 2 26 9 13 11 8 15 22 6 29 18 24 1 10 
5: 23 
6: 4 19 

36
17 27 14 30 7 16 28 2 26 9 13 11 8 15 22 29 18 24 1 10 
5: 6 23 
6: 4 19 

37
17 27 14 7 16 28 2 26 9 13 11 8 15 22 29 18 24 1 10 
4: 30 
5: 6 23 
6: 4 19 

38
17 27 14 7 16 28 2 26 9 13 11 15 22 29 18 24 1 10 
4: 8 30 
5: 6 23 
6: 4 19 

39
17 27 14 7 16 28 25 2 26 9 13 11 15 22 29 18 24 1 10 
4: 8 30 
5: 6 23 
6: 4 19 

40
17 27 14 7 16 28 25 2 26 9 13 11 15 22 18 24 1 10 
1: 29 
4: 8 30 
5: 6 23 
6: 4 19 

41
17 27 14 7 16 28 25 2 26 9 13 11 15 22 18 24 1 10 21 
1: 29 
4: 8 30 
5: 6 23 
6: 4 19 

42
17 27 14 7 28 25 2 26 9 13 11 15 22 18 24 1 10 21 
0: 16 
1: 29 
4: 8 30 
5: 6 23 
6: 4 19 

43
17 14 7 28 25 2 26 9 13 11 15 22 18 24 1 10 21 
0: 16 
1: 29 
4: 8 30 
5: 6 23 
6: 4 19 

44
17 14 7 28 25 2 26 9 13 11 15 18 24 1 10 21 
0: 16 
1: 29 
3: 22 
4: 8 30 
5: 6 23 
6: 4 19 

45
17 14 7 28 25 2 26 9 13 11 15 18 24 1 10 
0: 16 
1: 29 
3: 22 
4: 8 30 
5: 6 23 
6: 21 4 19 

46
17 14 7 28 25 2 9 13 11 15 18 24 1 10 
0: 16 
1: 29 
3: 22 
4: 8 30 
5: 6 23 
6: 21 4 19 
7: 26 

47
17 12 14 7 28 25 2 9 13 11 15 18 24 1 10 
0: 16 
1: 29 
3: 22 
4: 8 30 
5: 6 23 
6: 21 4 19 
7: 26 

48
17 12 14 7 28 25 2 9 13 11 15 18 1 10 
0: 16 
1: 29 
3: 22 
4: 8 30 
5: 6 23 
6: 21 4 19 
7: 26 

49
17 12 3 14 7 28 25 2 9 13 11 15 18 1 10 
0: 16 
1: 29 
3: 22 
4: 8 30 
5: 6 23 
6: 21 4 19 
7: 26 

50
17 12 3 14 7 28 25 2 9 13 11 15 18 10 
0: 16 
1: 29 
3: 22 
4: 8 30 
5: 6 23 
6: 1 21 4 19 
7: 26 

51
17 12 3 14 7 16 28 25 2 9 13 11 15 18 10 
1: 29 
3: 22 
4: 8 30 
5: 6 23 
6: 1 21 4 19 
7: 26 

52
17 12 3 14 7 16 28 25 2 9 13 15 18 10 
1: 29 
3: 22 
4: 8 30 
5: 11 6 23 
6: 1 21 4 19 
7: 26 

53
17 12 3 14 7 16 28 25 2 9 13 15 18 20 10 
1: 29 
3: 22 
4: 8 30 
5: 11 6 23 
6: 1 21 4 19 
7: 26 

54
17 12 3 14 7 16 28 25 2 9 13 15 5 18 20 10 
1: 29 
3: 22 
4: 8 30 
5: 11 6 23 
6: 1 21 4 19 
7: 26 

55
17 12 3 14 7 16 28 25 2 9 15 5 18 20 10 
1: 29 
3: 22 
4: 8 30 
5: 11 6 23 
6: 13 1 21 4 19 
7: 26 

56
17 12 3 14 7 16 28 2 9 15 5 18 20 10 
1: 29 
3: 22 
4: 8 30 
5: 11 6 23 
6: 25 13 1 21 4 19 
7: 26 

57
17 12 3 14 7 16 28 2 9 15 5 29 18 20 10 
3: 22 
4: 8 30 
5: 11 6 23 
6: 25 13 1 21 4 19 
7: 26 

58
17 12 3 14 7 16 28 2 9 15 5 29 18 20 10 
3: 22 
4: 8 30 
5: 11 6 23 
6: 25 13 1 21 4 19 
7: 26 

59
12 3 14 7 16 28 2 9 15 5 29 18 20 10 
3: 22 
4: 8 30 
5: 11 6 23 
6: 25 13 1 21 4 19 
7: 26 

60
12 3 14 7 28 2 9 15 5 29 18 20 10 
3: 22 
4: 8 30 
5: 11 6 23 
6: 25 13 1 21 4 19 
7: 26 

61
23 12 3 14 7 28 2 9 11 15 6 5 29 18 20 10 
3: 22 
4: 8 30 
6: 25 13 1 21 4 19 
7: 26 

62
23 12 3 14 28 2 9 11 15 6 5 29 18 20 10 
3: 22 
4: 7 8 30 
6: 25 13 1 21 4 19 
7: 26 

63
23 3 14 28 2 9 11 15 6 5 29 18 20 10 
1: 12 
3: 22 
4: 7 8 30 
6: 25 13 1 21 4 19 
7: 26 

64
23 3 14 28 2 9 11 15 6 5 29 18 20 10 
1: 12 
3: 22 
4: 7 8 30 
6: 25 13 1 21 4 19 
7: 26 

65
23 3 14 28 2 9 11 15 6 5 29 20 10 
1: 12 
3: 22 
4: 7 8 30 
6: 25 13 1 21 4 19 
7: 26 

66
23 14 28 2 9 11 15 6 5 29 20 10 
1: 12 
3: 22 
4: 7 8 30 
6: 25 13 1 21 4 19 
7: 26 

67
23 14 28 2 9 11 15 6 5 29 20 10 
1: 12 
3: 22 
4: 7 8 30 
6: 25 13 1 21 4 19 
7: 26 

68
23 14 2 9 11 15 6 5 29 20 10 
1: 12 
3: 22 
4: 7 8 30 
5: 28 
6: 25 13 1 21 4 19 
7: 26 

69
23 14 30 7 2 9 11 8 15 6 5 29 20 10 
1: 12 
3: 22 
5: 28 
6: 25 13 1 21 4 19 
7: 26 

70
23 14 30 7 9 11 8 15 6 5 29 20 10 
1: 2 12 
3: 22 
5: 28 
6: 25 13 1 21 4 19 
7: 26 

71
23 14 30 7 9 11 8 15 6 5 20 10 
1: 2 12 
3: 22 
5: 29 28 
6: 25 13 1 21 4 19 
7: 26 

72
23 14 30 7 28 9 11 8 15 6 5 29 20 10 
1: 2 12 
3: 22 
6: 25 13 1 21 4 19 
7: 26 

73
23 14 30 7 28 9 11 15 6 5 29 20 10 
1: 2 12 
3: 22 
4: 8 
6: 25 13 1 21 4 19 
7: 26 

74
23 30 7 28 9 11 15 6 5 29 20 10 
1: 14 2 12 
3: 22 
4: 8 
6: 25 13 1 21 4 19 
7: 26 

75
23 30 7 28 9 11 15 6 5 29 20 10 
1: 14 2 12 
3: 22 
4: 8 
6: 25 13 1 21 4 19 
7: 26 

76
23 30 7 28 9 11 15 6 5 29 20 
1: 14 2 12 
3: 22 
4: 8 
6: 25 13 1 21 4 19 
7: 26 

77
23 30 7 28 9 11 15 6 5 20 
1: 14 2 12 
3: 22 
4: 8 
6: 25 13 1 21 4 19 
7: 26 

78
23 30 7 28 9 11 15 6 20 
1: 14 2 12 
3: 22 
4: 8 
6: 25 13 1 21 4 19 
7: 26 

79
23 30 7 28 9 11 15 20 
1: 14 2 12 
2: 6 
3: 22 
4: 8 
6: 25 13 1 21 4 19 
7: 26 

80
23 12 14 30 7 28 2 9 11 15 20 
2: 6 
3: 22 
4: 8 
6: 25 13 1 21 4 19 
7: 26 

81
23 12 14 30 7 28 2 11 15 20 
2: 6 
3: 22 
4: 8 
6: 25 13 1 21 4 19 
7: 26 

82
23 14 30 7 28 2 11 15 20 
2: 6 
3: 12 22 
4: 8 
6: 25 13 1 21 4 19 
7: 26 

83
23 14 30 7 28 11 15 20 
2: 6 
3: 12 22 
4: 8 
6: 25 13 1 21 4 19 
7: 26 

84
23 14 30 7 28 11 15 
2: 6 
3: 12 22 
4: 8 
6: 25 13 1 21 4 19 
7: 26 

85
23 14 30 7 28 15 
0: 11 
2: 6 
3: 12 22 
4: 8 
6: 25 13 1 21 4 19 
7: 26 

86
23 14 7 28 15 
0: 11 
2: 30 6 
3: 12 22 
4: 8 
6: 25 13 1 21 4 19 
7: 26 

87
23 14 7 15 
0: 11 
2: 30 6 
3: 12 22 
4: 28 8 
6: 25 13 1 21 4 19 
7: 26 

88
23 14 7 15 
0: 11 
2: 30 6 
3: 12 22 
4: 28 8 
6: 25 13 1 21 4 19 
7: 26 

89
23 14 15 
0: 11 
2: 30 6 
3: 12 22 
4: 28 8 
6: 7 25 13 1 21 4 19 
7: 26 

90
23 15 
0: 11 
2: 30 6 
3: 12 22 
4: 28 8 
6: 7 25 13 1 21 4 19 
7: 26 

91
23 15 
0: 11 
2: 30 6 
3: 12 22 
4: 28 8 
6: 7 25 13 1 21 4 19 
7: 26 

92
23 
0: 11 
2: 30 6 
3: 15 12 22 
4: 28 8 
6: 7 25 13 1 21 4 19 
7: 26 

93
23 28 8 
0: 11 
2: 30 6 
3: 15 12 22 
6: 7 25 13 1 21 4 19 
7: 26 

94
23 8 
0: 11 
2: 30 6 
3: 15 12 22 
5: 28 
6: 7 25 13 1 21 4 19 
7: 26 

95
23 30 8 6 
0: 11 
3: 15 12 22 
5: 28 
6: 7 25 13 1 21 4 19 
7: 26 

96
23 8 6 
0: 11 
3: 15 12 22 
4: 30 
5: 28 
6: 7 25 13 1 21 4 19 
7: 26 

97
8 6 
0: 11 
3: 15 12 22 
4: 30 
5: 28 
6: 23 7 25 13 1 21 4 19 
7: 26 

98
6 
0: 11 
3: 15 12 22 
4: 8 30 
5: 28 
6: 23 7 25 13 1 21 4 19 
7: 26 

99

0: 11 
3: 15 12 22 
4: 6 8 30 
5: 28 
6: 23 7 25 13 1 21 4 19 
7: 26 

100
26 
0: 11 
3: 15 12 22 
4: 6 8 30 
5: 28 
6: 23 7 25 13 1 21 4 19 

101

0: 26 11 
3: 15 12 22 
4: 6 8 30 
5: 28 
6: 23 7 25 13 1 21 4 19 

102

0: 26 11 
3: 15 12 22 
4: 6 8 30 
5: 28 
6: 23 7 25 13 1 21 4 19 

103

0: 26 11 
3: 15 12 22 
4: 6 8 30 
5: 28 
6: 23 7 25 13 1 21 4 19 

104
30 8 6 
0: 26 11 
3: 15 12 22 
5: 28 
6: 23 7 25 13 1 21 4 19 

105
8 6 
0: 30 26 11 
3: 15 12 22 
5: 28 
6: 23 7 25 13 1 21 4 19 

106
6 
0: 30 26 11 
3: 15 12 22 
5: 28 
6: 23 7 25 13 1 21 4 19 
7: 8 

107
6 
0: 30 26 11 
3: 15 12 22 
5: 28 
6: 23 7 25 13 1 21 4 19 
7: 8 

108

0: 30 26 11 
3: 15 12 22 
5: 28 
6: 23 7 25 13 1 21 4 19 
7: 6 8 

109
12 15 22 
0: 30 26 11 
5: 28 
6: 23 7 25 13 1 21 4 19 
7: 6 8 

110
12 28 15 22 
0: 30 26 11 
6: 23 7 25 13 1 21 4 19 
7: 6 8 

111
28 15 22 
0: 30 26 11 
6: 12 23 7 25 13 1 21 4 19 
7: 6 8 

112
28 22 
0: 30 26 11 
5: 15 
6: 12 23 7 25 13 1 21 4 19 
7: 6 8 

113
22 
0: 30 26 11 
2: 28 
5: 15 
6: 12 23 7 25 13 1 21 4 19 
7: 6 8 

114

0: 30 26 11 
2: 28 
5: 22 15 
6: 12 23 7 25 13 1 21 4 19 
7: 6 8 

115

0: 30 26 11 
2: 28 
5: 22 15 
6: 12 23 7 25 13 1 21 4 19 
7: 6 8 

116

0: 30 26 11 
2: 28 
5: 22 15 
6: 12 23 7 25 13 1 21 4 19 
7: 6 8 

117

0: 30 26 11 
2: 28 
5: 22 15 
6: 12 23 7 25 13 1 21 4 19 
7: 6 8 

118
28 
0: 30 26 11 
5: 22 15 
6: 12 23 7 25 13 1 21 4 19 
7: 6 8 

119

0: 30 26 11 
5: 28 22 15 
6: 12 23 7 25 13 1 21 4 19 
7: 6 8 

120

0: 30 26 11 
5: 28 22 15 
6: 12 23 7 25 13 1 21 4 19 
7: 6 8 

121

0: 30 26 11 
5: 28 22 15 
6: 12 23 7 25 13 1 21 4 19 
7: 6 8 

122
28 15 22 
0: 30 26 11 
6: 12 23 7 25 13 1 21 4 19 
7: 6 8 

123
30 28 26 11 15 22 
6: 12 23 7 25 13 1 21 4 19 
7: 6 8 

124
28 26 11 15 22 
6: 12 23 7 25 13 1 21 4 19 
7: 6 8 

125
28 26 11 8 15 22 6 
6: 12 23 7 25 13 1 21 4 19 

126
28 11 8 15 22 6 
3: 26 
6: 12 23 7 25 13 1 21 4 19 

127
23 12 7 28 25 4 19 13 11 8 15 22 6 1 21 
3: 26 

128
23 12 7 25 4 19 13 11 8 15 22 6 1 21 
0: 28 
3: 26 

129
23 7 25 4 19 13 11 8 15 22 6 1 21 
0: 28 
3: 26 
5: 12 

130
7 25 4 19 13 11 8 15 22 6 1 21 
0: 28 
3: 26 
5: 12 

131
7 25 4 19 13 11 8 15 22 6 1 
0: 28 
3: 26 
5: 12 
6: 21 

132
25 4 19 13 11 8 15 22 6 1 
0: 28 
2: 7 
3: 26 
5: 12 
6: 21 

133
25 4 19 13 11 15 22 6 1 
0: 8 28 
2: 7 
3: 26 
5: 12 
6: 21 

134
25 4 13 11 15 22 6 1 
0: 8 28 
1: 19 
2: 7 
3: 26 
5: 12 
6: 21 

135
25 4 13 11 15 22 6 1 
0: 8 28 
1: 19 
2: 7 
3: 26 
5: 12 
6: 21 

136
25 13 11 15 22 6 1 
0: 8 28 
1: 19 
2: 7 
3: 26 
4: 4 
5: 12 
6: 21 

137
25 13 11 15 22 6 1 
0: 8 28 
1: 19 
2: 7 
3: 26 
4: 4 
5: 12 
6: 21 

138
25 13 11 22 6 1 
0: 8 28 
1: 19 
2: 7 
3: 26 
4: 15 4 
5: 12 
6: 21 

139
25 13 11 22 1 
0: 8 28 
1: 6 19 
2: 7 
3: 26 
4: 15 4 
5: 12 
6: 21 

140
25 11 22 1 
0: 8 28 
1: 6 19 
2: 7 
3: 26 
4: 15 4 
5: 13 12 
6: 21 

141
25 19 11 22 6 1 
0: 8 28 
2: 7 
3: 26 
4: 15 4 
5: 13 12 
6: 21 

142
25 19 22 6 1 
0: 8 28 
1: 11 
2: 7 
3: 26 
4: 15 4 
5: 13 12 
6: 21 

143
25 19 6 1 
0: 8 28 
1: 22 11 
2: 7 
3: 26 
4: 15 4 
5: 13 12 
6: 21 

144
19 6 1 
0: 8 28 
1: 22 11 
2: 7 
3: 26 
4: 15 4 
5: 13 12 
6: 21 
7: 25 

145
19 6 1 
0: 8 28 
1: 22 11 
2: 7 
3: 26 
4: 15 4 
5: 13 12 
6: 21 
7: 25 

146
19 6 1 21 
0: 8 28 
1: 22 11 
2: 7 
3: 26 
4: 15 4 
5: 13 12 
7: 25 

147
28 19 8 6 1 21 
1: 22 11 
2: 7 
3: 26 
4: 15 4 
5: 13 12 
7: 25 

148
28 8 6 1 21 
1: 22 11 
2: 7 
3: 26 
4: 15 4 
5: 13 12 
6: 19 
7: 25 

149
28 8 6 1 
1: 21 22 11 
2: 7 
3: 26 
4: 15 4 
5: 13 12 
6: 19 
7: 25 

150
8 6 1 
1: 21 22 11 
2: 7 
3: 26 
4: 15 4 
5: 13 12 
6: 19 
7: 25 

151
19 8 6 1 
1: 21 22 11 
2: 7 
3: 26 
4: 15 4 
5: 13 12 
7: 25 

152
19 6 1 
1: 21 22 11 
2: 8 7 
3: 26 
4: 15 4 
5: 13 12 
7: 25 

153
25 19 6 1 
1: 21 22 11 
2: 8 7 
3: 26 
4: 15 4 
5: 13 12 

154
25 26 19 6 1 
1: 21 22 11 
2: 8 7 
4: 15 4 
5: 13 12 

155
26 19 6 1 
1: 21 22 11 
2: 8 7 
4: 15 4 
5: 13 12 

156
26 6 1 
1: 19 21 22 11 
2: 8 7 
4: 15 4 
5: 13 12 

157
26 6 
0: 1 
1: 19 21 22 11 
2: 8 7 
4: 15 4 
5: 13 12 

158
26 
0: 1 
1: 19 21 22 11 
2: 8 7 
4: 15 4 
5: 13 12 
7: 6 

159

0: 1 
1: 19 21 22 11 
2: 8 7 
3: 26 
4: 15 4 
5: 13 12 
7: 6 

160
1 
1: 19 21 22 11 
2: 8 7 
3: 26 
4: 15 4 
5: 13 12 
7: 6 

161
7 8 1 
1: 19 21 22 11 
3: 26 
4: 15 4 
5: 13 12 
7: 6 

162
8 1 
1: 19 21 22 11 
3: 26 
4: 15 4 
5: 13 12 
7: 7 6 

163
1 
0: 8 
1: 19 21 22 11 
3: 26 
4: 15 4 
5: 13 12 
7: 7 6 

164

0: 1 8 
1: 19 21 22 11 
3: 26 
4: 15 4 
5: 13 12 
7: 7 6 

165

0: 1 8 
1: 19 21 22 11 
3: 26 
4: 15 4 
5: 13 12 
7: 7 6 

166

0: 1 8 
1: 19 21 22 11 
3: 26 
4: 15 4 
5: 13 12 
7: 7 6 

167

0: 1 8 
1: 19 21 22 11 
3: 26 
4: 15 4 
5: 13 12 
7: 7 6 

168
12 13 
0: 1 8 
1: 19 21 22 11 
3: 26 
4: 15 4 
7: 7 6 

169
13 
0: 1 8 
1: 19 21 22 11 
3: 26 
4: 15 4 
7: 12 7 6 

170

0: 1 8 
1: 19 21 22 11 
3: 13 26 
4: 15 4 
7: 12 7 6 

171
4 15 
0: 1 8 
1: 19 21 22 11 
3: 13 26 
7: 12 7 6 

172
4 
0: 1 8 
1: 19 21 22 11 
2: 15 
3: 13 26 
7: 12 7 6 

173

0: 1 8 
1: 19 21 22 11 
2: 15 
3: 13 26 
7: 4 12 7 6 

174
26 13 
0: 1 8 
1: 19 21 22 11 
2: 15 
7: 4 12 7 6 

175
26 13 
0: 1 8 
1: 19 21 22 11 
2: 15 
7: 4 12 7 6 

176
26 
0: 13 1 8 
1: 19 21 22 11 
2: 15 
7: 4 12 7 6 

177

0: 13 1 8 
1: 26 19 21 22 11 
2: 15 
7: 4 12 7 6 

178

0: 13 1 8 
1: 26 19 21 22 11 
2: 15 
7: 4 12 7 6 

179

0: 13 1 8 
1: 26 19 21 22 11 
2: 15 
7: 4 12 7 6 

180

0: 13 1 8 
1: 26 19 21 22 11 
2: 15 
7: 4 12 7 6 

181

0: 13 1 8 
1: 26 19 21 22 11 
2: 15 
7: 4 12 7 6 

182
15 
0: 13 1 8 
1: 26 19 21 22 11 
7: 4 12 7 6 

183

0: 13 1 8 
1: 26 19 21 22 11 
6: 15 
7: 4 12 7 6 

184

0: 13 1 8 
1: 26 19 21 22 11 
6: 15 
7: 4 12 7 6 

185

0: 13 1 8 
1: 26 19 21 22 11 
6: 15 
7: 4 12 7 6 

186

0: 13 1 8 
1: 26 19 21 22 11 
6: 15 
7: 4 12 7 6 

187
13 8 1 
1: 26 19 21 22 11 
6: 15 
7: 4 12 7 6 

188
13 8 15 1 
1: 26 19 21 22 11 
7: 4 12 7 6 

189
12 7 4 13 8 15 6 1 
1: 26 19 21 22 11 

190
12 7 4 13 8 15 1 
1: 26 19 21 22 11 

191
12 7 4 13 8 1 
1: 26 19 21 22 11 
3: 15 

192
12 4 13 8 1 
1: 26 19 21 22 11 
3: 15 

193
12 4 13 1 
1: 26 19 21 22 11 
3: 8 15 

194
12 4 13 8 15 1 
1: 26 19 21 22 11 

195
12 4 13 8 15 
1: 1 26 19 21 22 11 

196
12 4 8 15 
1: 1 26 19 21 22 11 
5: 13 

197
12 8 15 
1: 1 26 19 21 22 11 
3: 4 
5: 13 

198
12 15 
1: 1 26 19 21 22 11 
2: 8 
3: 4 
5: 13 

199
12 4 15 
1: 1 26 19 21 22 11 
2: 8 
5: 13 

200
12 4 
1: 15 1 26 19 21 22 11 
2: 8 
5: 13 

201
4 
1: 15 1 26 19 21 22 11 
2: 12 8 
5: 13 

202
26 4 19 11 15 22 1 21 
2: 12 8 
5: 13 

203
12 26 4 19 11 8 15 22 1 21 
5: 13 

204
12 26 4 19 11 15 22 1 21 
2: 8 
5: 13 

205
12 26 4 19 11 8 15 22 1 21 
5: 13 

206
12 26 4 19 11 8 15 1 21 
3: 22 
5: 13 

207
12 26 4 19 11 8 15 1 
3: 22 
4: 21 
5: 13 

208
12 26 19 11 8 15 1 
2: 4 
3: 22 
4: 21 
5: 13 

209
12 26 11 8 15 1 
2: 19 4 
3: 22 
4: 21 
5: 13 

210
12 26 11 8 15 
2: 19 4 
3: 22 
4: 21 
5: 13 
7: 1 

211
12 26 11 8 
2: 19 4 
3: 22 
4: 15 21 
5: 13 
7: 1 

212
26 11 8 
2: 19 4 
3: 22 
4: 12 15 21 
5: 13 
7: 1 

213
26 8 
0: 11 
2: 19 4 
3: 22 
4: 12 15 21 
5: 13 
7: 1 

214
8 
0: 11 
2: 19 4 
3: 22 
4: 12 15 21 
5: 13 
6: 26 
7: 1 

215
8 
0: 11 
2: 19 4 
3: 22 
4: 12 15 21 
5: 13 
6: 26 
7: 1 

216
12 8 15 21 
0: 11 
2: 19 4 
3: 22 
5: 13 
6: 26 
7: 1 

217
12 26 8 15 21 
0: 11 
2: 19 4 
3: 22 
5: 13 
7: 1 

218
12 8 15 21 
0: 11 
2: 19 4 
3: 22 
5: 13 
7: 26 1 

219
8 15 21 
0: 12 11 
2: 19 4 
3: 22 
5: 13 
7: 26 1 

220
15 21 
0: 12 11 
2: 19 4 
3: 22 
5: 13 
6: 8 
7: 26 1 

221
21 
0: 15 12 11 
2: 19 4 
3: 22 
5: 13 
6: 8 
7: 26 1 

222

0: 15 12 11 
2: 21 19 4 
3: 22 
5: 13 
6: 8 
7: 26 1 

223

0: 15 12 11 
2: 21 19 4 
3: 22 
5: 13 
6: 8 
7: 26 1 

224
12 11 15 
2: 21 19 4 
3: 22 
5: 13 
6: 8 
7: 26 1 

225
12 4 19 11 15 21 
3: 22 
5: 13 
6: 8 
7: 26 1 

226
12 4 19 15 21 
1: 11 
3: 22 
5: 13 
6: 8 
7: 26 1 

227
12 19 15 21 
1: 11 
3: 22 
5: 13 
6: 4 8 
7: 26 1 

228
12 19 15 
1: 21 11 
3: 22 
5: 13 
6: 4 8 
7: 26 1 

229
12 15 
1: 21 11 
3: 22 
4: 19 
5: 13 
6: 4 8 
7: 26 1 

230
15 
1: 21 11 
3: 22 
4: 19 
5: 13 
6: 4 8 
7: 12 26 1 

231
19 15 
1: 21 11 
3: 22 
5: 13 
6: 4 8 
7: 12 26 1 

232
15 
1: 21 11 
3: 22 
5: 13 
6: 4 8 
7: 19 12 26 1 

233

1: 21 11 
3: 22 
4: 15 
5: 13 
6: 4 8 
7: 19 12 26 1 

234

1: 21 11 
3: 22 
4: 15 
5: 13 
6: 4 8 
7: 19 12 26 1 

235
4 8 
1: 21 11 
3: 22 
4: 15 
5: 13 
7: 19 12 26 1 

236
8 
1: 21 11 
2: 4 
3: 22 
4: 15 
5: 13 
7: 19 12 26 1 

237

0: 8 
1: 21 11 
2: 4 
3: 22 
4: 15 
5: 13 
7: 19 12 26 1 

238

0: 8 
1: 21 11 
2: 4 
3: 22 
4: 15 
5: 13 
7: 19 12 26 1 

239

0: 8 
1: 21 11 
2: 4 
3: 22 
4: 15 
5: 13 
7: 19 12 26 1 

240
8 
1: 21 11 
2: 4 
3: 22 
4: 15 
5: 13 
7: 19 12 26 1 

241

1: 21 11 
2: 4 
3: 22 
4: 15 
5: 8 13 
7: 19 12 26 1 

242
15 
1: 21 11 
2: 4 
3: 22 
5: 8 13 
7: 19 12 26 1 

243

1: 15 21 11 
2: 4 
3: 22 
5: 8 13 
7: 19 12 26 1 

244
11 15 21 
2: 4 
3: 22 
5: 8 13 
7: 19 12 26 1 

245
11 15 
2: 4 
3: 21 22 
5: 8 13 
7: 19 12 26 1 

246
15 
2: 4 
3: 21 22 
5: 11 8 13 
7: 19 12 26 1 

247

2: 4 
3: 21 22 
5: 15 11 8 13 
7: 19 12 26 1 

248
12 26 19 1 
2: 4 
3: 21 22 
5: 15 11 8 13 

249
12 26 19 1 
2: 4 
3: 21 22 
5: 15 11 8 13 

250
12 26 19 1 
2: 4 
3: 21 22 
5: 15 11 8 13 

251
12 26 19 
2: 4 
3: 21 22 
5: 1 15 11 8 13 

252
12 19 
2: 4 
3: 21 22 
5: 1 15 11 8 13 
7: 26 

253
12 19 13 11 8 15 1 
2: 4 
3: 21 22 
7: 26 

254
12 13 11 8 15 1 
1: 19 
2: 4 
3: 21 22 
7: 26 

255
12 13 8 15 1 
1: 19 
2: 4 
3: 21 22 
7: 11 26 

256
12 13 8 15 
1: 19 
2: 1 4 
3: 21 22 
7: 11 26 

257
12 13 8 
1: 19 
2: 1 4 
3: 21 22 
5: 15 
7: 11 26 

258
12 13 
1: 8 19 
2: 1 4 
3: 21 22 
5: 15 
7: 11 26 

259
12 
1: 8 19 
2: 1 4 
3: 21 22 
5: 15 
6: 13 
7: 11 26 

260
12 4 1 
1: 8 19 
3: 21 22 
5: 15 
6: 13 
7: 11 26 

261
4 1 
0: 12 
1: 8 19 
3: 21 22 
5: 15 
6: 13 
7: 11 26 

262
1 
0: 12 
1: 8 19 
3: 4 21 22 
5: 15 
6: 13 
7: 11 26 

263
19 8 1 
0: 12 
3: 4 21 22 
5: 15 
6: 13 
7: 11 26 

264
19 1 
0: 12 
3: 4 21 22 
4: 8 
5: 15 
6: 13 
7: 11 26 

265
19 1 
0: 12 
3: 4 21 22 
4: 8 
5: 15 
6: 13 
7: 11 26 

266
19 
0: 12 
3: 4 21 22 
4: 8 
5: 15 
6: 1 13 
7: 11 26 

267
26 19 11 
0: 12 
3: 4 21 22 
4: 8 
5: 15 
6: 1 13 

268
26 11 
0: 12 
3: 4 21 22 
4: 8 
5: 19 15 
6: 1 13 

269
26 
0: 12 
3: 4 21 22 
4: 11 8 
5: 19 15 
6: 1 13 

270

0: 12 
3: 4 21 22 
4: 11 8 
5: 19 15 
6: 26 1 13 

271
4 22 21 
0: 12 
4: 11 8 
5: 19 15 
6: 26 1 13 

272
4 21 
0: 12 
4: 11 8 
5: 19 15 
6: 22 26 1 13 

273
4 
0: 12 
1: 21 
4: 11 8 
5: 19 15 
6: 22 26 1 13 

274

0: 12 
1: 21 
4: 11 8 
5: 19 15 
6: 4 22 26 1 13 

275
26 4 13 22 1 
0: 12 
1: 21 
4: 11 8 
5: 19 15 

276
4 13 22 1 
0: 12 
1: 21 
4: 11 8 
5: 19 15 
7: 26 

277
13 22 1 
0: 12 
1: 21 
2: 4 
4: 11 8 
5: 19 15 
7: 26 

278
13 22 
0: 12 
1: 21 
2: 4 
4: 11 8 
5: 19 15 
7: 26 

279
19 13 15 22 
0: 12 
1: 21 
2: 4 
4: 11 8 
7: 26 

280
19 13 22 
0: 12 
1: 21 
2: 4 
4: 11 8 
5: 15 
7: 26 

281
4 19 13 22 
0: 12 
1: 21 
4: 11 8 
5: 15 
7: 26 

282
4 19 13 22 21 
0: 12 
4: 11 8 
5: 15 
7: 26 

283
4 19 22 21 
0: 12 
2: 13 
4: 11 8 
5: 15 
7: 26 

284
19 22 21 
0: 12 
2: 13 
4: 11 8 
5: 15 
6: 4 
7: 26 

285
19 22 
0: 12 
2: 21 13 
4: 11 8 
5: 15 
6: 4 
7: 26 

286
19 22 
0: 12 
2: 21 13 
4: 11 8 
5: 15 
6: 4 
7: 26 

287
19 22 
0: 12 
2: 21 13 
4: 11 8 
5: 15 
6: 4 
7: 26 

288
19 
0: 12 
2: 21 13 
4: 11 8 
5: 22 15 
6: 4 
7: 26 

289
19 11 8 
0: 12 
2: 21 13 
5: 22 15 
6: 4 
7: 26 

290
11 8 
0: 12 
2: 21 13 
4: 19 
5: 22 15 
6: 4 
7: 26 

291
12 11 8 
2: 21 13 
4: 19 
5: 22 15 
6: 4 
7: 26 

292
12 26 11 8 
2: 21 13 
4: 19 
5: 22 15 
6: 4 

293
12 11 8 
0: 26 
2: 21 13 
4: 19 
5: 22 15 
6: 4 

294
12 8 
0: 26 
2: 21 13 
3: 11 
4: 19 
5: 22 15 
6: 4 

295
12 
0: 26 
2: 21 13 
3: 11 
4: 19 
5: 8 22 15 
6: 4 

296

0: 26 
2: 21 13 
3: 12 11 
4: 19 
5: 8 22 15 
6: 4 

297
19 
0: 26 
2: 21 13 
3: 12 11 
5: 8 22 15 
6: 4 

298
19 13 21 
0: 26 
3: 12 11 
5: 8 22 15 
6: 4 

299
12 19 13 11 21 
0: 26 
5: 8 22 15 
6: 4 

300
19 13 11 21 
0: 26 
4: 12 
5: 8 22 15 
6: 4 

301
19 13 11 
0: 21 26 
4: 12 
5: 8 22 15 
6: 4 

302
19 11 
0: 21 26 
4: 12 
5: 8 22 15 
6: 13 4 

303
11 
0: 19 21 26 
4: 12 
5: 8 22 15 
6: 13 4 

304

0: 19 21 26 
3: 11 
4: 12 
5: 8 22 15 
6: 13 4 

305
11 
0: 19 21 26 
4: 12 
5: 8 22 15 
6: 13 4 

306

0: 19 21 26 
2: 11 
4: 12 
5: 8 22 15 
6: 13 4 

307
4 13 
0: 19 21 26 
2: 11 
4: 12 
5: 8 22 15 

308
13 
0: 19 21 26 
2: 4 11 
4: 12 
5: 8 22 15 

309

0: 19 21 26 
2: 13 4 11 
4: 12 
5: 8 22 15 

310
26 19 21 
2: 13 4 11 
4: 12 
5: 8 22 15 

311
26 21 
2: 19 13 4 11 
4: 12 
5: 8 22 15 

312
21 
2: 19 13 4 11 
4: 12 
5: 8 22 15 

313

2: 19 13 4 11 
4: 12 
5: 21 8 22 15 

314
4 19 13 11 
4: 12 
5: 21 8 22 15 

315
4 19 13 
4: 12 
5: 21 8 22 15 
6: 11 

316
4 19 
4: 12 
5: 21 8 22 15 
6: 11 
7: 13 

317
4 19 13 
4: 12 
5: 21 8 22 15 
6: 11 

318
4 19 
4: 13 12 
5: 21 8 22 15 
6: 11 

319
4 19 
4: 13 12 
5: 21 8 22 15 
6: 11 

320
4 
3: 19 
4: 13 12 
5: 21 8 22 15 
6: 11 

321

3: 19 
4: 13 12 
5: 4 21 8 22 15 
6: 11 

322
4 8 15 22 21 
3: 19 
4: 13 12 
6: 11 

323
4 8 15 21 
3: 19 
4: 13 12 
6: 11 
7: 22 

324
4 8 15 
3: 19 
4: 13 12 
6: 11 
7: 21 22 

325
4 19 8 15 
4: 13 12 
6: 11 
7: 21 22 

326
4 19 8 
4: 13 12 
6: 15 11 
7: 21 22 

327
4 19 
0: 8 
4: 13 12 
6: 15 11 
7: 21 22 

328
4 
0: 8 
3: 19 
4: 13 12 
6: 15 11 
7: 21 22 

329
4 22 21 
0: 8 
3: 19 
4: 13 12 
6: 15 11 

330
4 21 
0: 8 
3: 22 19 
4: 13 12 
6: 15 11 

331
4 
0: 8 
3: 22 19 
4: 13 12 
5: 21 
6: 15 11 

332

0: 4 8 
3: 22 19 
4: 13 12 
5: 21 
6: 15 11 

333

0: 4 8 
3: 22 19 
4: 13 12 
5: 21 
6: 15 11 

334
11 15 
0: 4 8 
3: 22 19 
4: 13 12 
5: 21 

335
12 13 11 15 
0: 4 8 
3: 22 19 
5: 21 

336
13 11 15 
0: 4 8 
3: 22 19 
5: 21 
7: 12 

337
19 13 11 15 22 
0: 4 8 
5: 21 
7: 12 

338
13 11 15 22 
0: 4 8 
3: 19 
5: 21 
7: 12 

339
13 11 22 
0: 4 8 
1: 15 
3: 19 
5: 21 
7: 12 

340
13 11 
0: 4 8 
1: 15 
3: 19 
4: 22 
5: 21 
7: 12 

341
19 13 11 
0: 4 8 
1: 15 
4: 22 
5: 21 
7: 12 

342
19 13 
0: 11 4 8 
1: 15 
4: 22 
5: 21 
7: 12 

343
19 
0: 13 11 4 8 
1: 15 
4: 22 
5: 21 
7: 12 

344

0: 13 11 4 8 
1: 19 15 
4: 22 
5: 21 
7: 12 

345

0: 13 11 4 8 
1: 19 15 
4: 22 
5: 21 
7: 12 

346

0: 13 11 4 8 
1: 19 15 
4: 22 
5: 21 
7: 12 

347
21 
0: 13 11 4 8 
1: 19 15 
4: 22 
7: 12 

348

0: 13 11 4 8 
1: 19 15 
4: 21 22 
7: 12 

349
4 13 11 8 
1: 19 15 
4: 21 22 
7: 12 

350
4 13 11 
1: 19 15 
3: 8 
4: 21 22 
7: 12 

351
4 19 13 11 15 
3: 8 
4: 21 22 
7: 12 

352
4 13 11 15 
3: 8 
4: 19 21 22 
7: 12 

353
13 11 15 
3: 4 8 
4: 19 21 22 
7: 12 

354
13 15 
3: 4 8 
4: 19 21 22 
7: 12 

355
19 13 15 22 21 
3: 4 8 
7: 12 

356
19 13 15 22 
3: 4 8 
7: 21 12 

357
19 13 22 
3: 15 4 8 
7: 21 12 

358
13 22 
3: 15 4 8 
7: 19 21 12 

359
13 
3: 15 4 8 
7: 22 19 21 12 

360

3: 15 4 8 
7: 13 22 19 21 12 

361
12 19 13 22 21 
3: 15 4 8 

362
12 19 13 22 21 
3: 15 4 8 

363
12 19 13 22 
3: 15 4 8 
4: 21 

364
12 13 22 
3: 15 4 8 
4: 21 

365
12 13 
3: 15 4 8 
4: 22 21 

366
12 4 13 8 15 
4: 22 21 

367
12 4 13 8 
4: 22 21 
5: 15 

368
12 4 13 8 
4: 22 21 
5: 15 

369
12 4 8 
3: 13 
4: 22 21 
5: 15 

370
12 4 
3: 13 
4: 22 21 
5: 15 

371
4 
2: 12 
3: 13 
4: 22 21 
5: 15 

372

2: 4 12 
3: 13 
4: 22 21 
5: 15 

373
15 
2: 4 12 
3: 13 
4: 22 21 

374

2: 4 12 
3: 15 13 
4: 22 21 

375
12 4 
3: 15 13 
4: 22 21 

376
4 
2: 12 
3: 15 13 
4: 22 21 

377

2: 12 
3: 15 13 
4: 22 21 
7: 4 

378
4 
2: 12 
3: 15 13 
4: 22 21 

379

2: 4 12 
3: 15 13 
4: 22 21 

380
13 15 
2: 4 12 
4: 22 21 

381
13 
2: 4 12 
3: 15 
4: 22 21 

382

2: 4 12 
3: 13 15 
4: 22 21 

383

2: 4 12 
3: 13 15 
4: 22 21 

384

2: 4 12 
3: 13 15 
4: 22 21 

385
22 21 
2: 4 12 
3: 13 15 

386
22 21 
2: 4 12 
3: 13 15 

387
13 15 22 21 
2: 4 12 

388
13 22 21 
2: 15 4 12 

389
22 21 
1: 13 
2: 15 4 12 

390
21 
1: 13 
2: 15 4 12 

391

1: 21 13 
2: 15 4 12 

392

1: 21 13 
2: 15 4 12 

393

1: 21 13 
2: 15 4 12 

394
13 21 
2: 15 4 12 

395
21 
2: 15 4 12 

396

2: 15 4 12 
5: 21 

397
12 4 15 
5: 21 

398
12 4 
2: 15 
5: 21 

399
12 
2: 15 
4: 4 
5: 21 

400

2: 12 15 
4: 4 
5: 21 

401

2: 12 15 
4: 4 
5: 21 

402
12 15 
4: 4 
5: 21 

403
12 
0: 15 
4: 4 
5: 21 

404

0: 12 15 
4: 4 
5: 21 

405
21 
0: 12 15 
4: 4 

406

0: 21 12 15 
4: 4 

407
4 
0: 21 12 15 

408

0: 21 12 15 
6: 4 

409
12 15 21 
6: 4 

410
15 21 
3: 12 
6: 4 

411
21 
3: 12 
6: 4 
7: 15 

412

3: 12 
6: 4 
7: 21 15 

413
12 
6: 4 
7: 21 15 

414

2: 12 
6: 4 
7: 21 15 

415
4 
2: 12 
7: 21 15 

416

2: 12 
5: 4 
7: 21 15 

417
15 21 
2: 12 
5: 4 

418
15 21 
2: 12 
5: 4 

419
21 
2: 12 
5: 4 
6: 15 

420

2: 12 
4: 21 
5: 4 
6: 15 

421
4 
2: 12 
4: 21 
6: 15 

422

2: 4 12 
4: 21 
6: 15 

423
15 
2: 4 12 
4: 21 

424

2: 4 12 
4: 21 
6: 15 

425
21 
2: 4 12 
6: 15 

426

2: 4 12 
6: 15 
7: 21 

427
21 
2: 4 12 
6: 15 

428

2: 21 4 12 
6: 15 

429

2: 21 4 12 
6: 15 

430
15 
2: 21 4 12 

431

2: 21 4 12 
3: 15 

432

2: 21 4 12 
3: 15 

433
12 4 21 
3: 15 

434
12 4 
1: 21 
3: 15 

435
12 
1: 21 
2: 4 
3: 15 

436

1: 21 
2: 12 4 
3: 15 

437
21 
2: 12 4 
3: 15 

438

0: 21 
2: 12 4 
3: 15 

439
21 
2: 12 4 
3: 15 

440

2: 12 4 
3: 21 15 

441

2: 12 4 
3: 21 15 

442
15 21 
2: 12 4 

443
15 
2: 12 4 
3: 21 

444

0: 15 
2: 12 4 
3: 21 

445
12 4 
0: 15 
3: 21 

446
4 
0: 15 
3: 21 

447

0: 15 
3: 21 
4: 4 

448
15 
3: 21 
4: 4 

449

3: 15 21 
4: 4 

450

3: 15 21 
4: 4 

451
15 21 
4: 4 

452
21 
3: 15 
4: 4 

453

1: 21 
3: 15 
4: 4 

454
21 
3: 15 
4: 4 

455

0: 21 
3: 15 
4: 4 

456
21 
3: 15 
4: 4 

457

3: 15 
4: 21 4 

458
15 
4: 21 4 

459

4: 21 4 
7: 15 

460
4 21 
7: 15 

461
4 
0: 21 
7: 15 

462

0: 21 
2: 4 
7: 15 

463
21 
2: 4 
7: 15 

464

1: 21 
2: 4 
7: 15 

465
4 
1: 21 
7: 15 

466

1: 21 
2: 4 
7: 15 

467
4 
1: 21 
7: 15 

468

1: 21 
4: 4 
7: 15 

469
21 
4: 4 
7: 15 

470

4: 4 
5: 21 
7: 15 

471
4 
5: 21 
7: 15 

472

1: 4 
5: 21 
7: 15 

473

1: 4 
5: 21 
7: 15 

474
15 
1: 4 
5: 21 

475

1: 15 4 
5: 21 

476
21 
1: 15 4 

477

1: 15 4 
2: 21 

478

1: 15 4 
2: 21 

479

1: 15 4 
2: 21 

480

1: 15 4 
2: 21 

481
21 
1: 15 4 

482

1: 21 15 4 

483

1: 21 15 4 

484

1: 21 15 4 

485
4 15 21 

486
4 21 
1: 15 

487
21 
1: 15 
5: 4 

488

1: 15 
5: 21 4 

489

1: 15 
5: 21 4 

490
4 21 
1: 15 

491
4 
1: 15 
4: 21 

492

1: 15 
4: 21 
7: 4 

493
21 
1: 15 
7: 4 

494

1: 15 
5: 21 
7: 4 

495
15 
5: 21 
7: 4 

496

5: 21 
7: 15 4 

497

5: 21 
7: 15 4 

498
21 
7: 15 4 

499

3: 21 
7: 15 4 

500
4 15 
3: 21 

501
4 
3: 21 

502

0: 4 
3: 21 

503

0: 4 
3: 21 

504
21 
0: 4 

505

0: 4 
5: 21 

506
4 
5: 21 

507

3: 4 
5: 21 

508
4 
5: 21 

509

1: 4 
5: 21 

510
4 
5: 21 

511

5: 4 21 

512

5: 4 21 

513
4 21 

514
4 
0: 21 

515

0: 4 21 

516

0: 4 21 

517
4 21 

518
4 
2: 21 

519
4 21 

520
4 
1: 21 

521

1: 21 
3: 4 

522
21 
3: 4 

523

3: 4 
4: 21 

524
21 
3: 4 

525

3: 4 
5: 21 

526

3: 4 
5: 21 

527

3: 4 
5: 21 

528
21 
3: 4 

529

3: 4 
4: 21 

530
21 
3: 4 

531

3: 4 
4: 21 

532
21 
3: 4 

533

3: 4 
7: 21 

534
21 
3: 4 

535

3: 4 
5: 21 

536
21 
3: 4 

537

3: 21 4 

538
4 21 

539
21 
3: 4 

540

2: 21 
3: 4 

541
21 
3: 4 

542

3: 4 
4: 21 

543
21 
3: 4 

544

3: 4 
6: 21 

545

3: 4 
6: 21 

546
21 
3: 4 

547

2: 21 
3: 4 

548
21 
3: 4 

549

3: 4 
6: 21 

550
21 
3: 4 

551

1: 21 
3: 4 

552

1: 21 
3: 4 

553

1: 21 
3: 4 

554
21 
3: 4 

555

3: 21 4 

556
4 21 

557
21 
7: 4 

558

4: 21 
7: 4 

559
21 
7: 4 

560

6: 21 
7: 4 

561
21 
7: 4 

562

6: 21 
7: 4 

563
21 
7: 4 

564

7: 21 4 

565
4 21 

566
21 
5: 4 

567

2: 21 
5: 4 

568
21 
5: 4 

569

5: 4 

570
4 

571

5: 4 

572
4 

573

1: 4 

574
4 

575


